MY_ACCOUNT_ID = 0.0.48068428
MY_PRIVATE_KEY = 302e020100300506032b657004220420bcbb1449401cd2295200c25880064e8abd1b620a75bad4e4875ddac0c59b4cf7
OPERATOR_ID = 0.0.48068428
OPERATOR_KEY = 302e020100300506032b657004220420bcbb1449401cd2295200c25880064e8abd1b620a75bad4e4875ddac0c59b4cf7
